-8576 10912 -635
-8230.02 11458.3 -635.773
-8167.52 11187 -635.773
-8228.04 12082.1 -635.773
-8375.85 12180.8 -635.773
-9091.99 12112 -651.773
-9275.73 12097.8 -651.773
-10176.8 12363.8 -547.029
-10240.8 12363.8 -547.029
-9905.89 12235.9 -635.773
-10304.8 12363.8 -547.029
-10368.8 12363.8 -547.029
-10432.8 12363.8 -547.029
-10496.8 12363.8 -547.029
-10560.8 12363.8 -547.029
-10624.8 12363.8 -547.029
-11847.7 11776.8 -443.773
-11845.9 11404.9 -411.773
-11845.9 11156.2 -381.705
-11840 10976 -349.705
-11840 10784 -317.705
-11840 10560 -285.705
-11776 10080 -327.824
-11776 9984 -327.824
-11776 9856 -327.824
-11776 9696 -327.824
-11476.2 9472.07 -322.739
-11582.4 9579.84 -249
-11732.2 9646.61 -215.298
-11732.2 9846.52 -168.785
-11872 9952 -173.219
-12096 10065.3 -112
-12203.7 10099.9 -47.5716
-12203.7 9756.06 -12.7603
-12203.7 9456.02 -30.9412
-11903.7 9268.15 36.0741
-11907.8 9163.84 89.1048
-11641.8 9163.84 69.9109
-11618.6 9547.84 10.2904
-11492.2 9931.85 145.16
-11377.2 10251.8 363.427
-11643.8 10411.8 357.453
-11931.7 10401 333.364
-12203.7 10269.7 415.1
-12203.7 10397.1 486.344
-12005.5 10411.8 508.192
-11808 10432 512
-11151 10865.9 484.227
-11064.9 11076.7 484.227
-11039.4 11323.7 484.227
-11220.2 11336.4 484.227
-11512.8 11336.6 484.227
-11824.4 11371.8 511.407
-12404.7 11327.5 4.22711
-12665 11334.3 4.22711
-12924 11326.9 4.22711
-13264.6 11341.5 4.22711
-13592.9 11557.9 4.22711
-13612.1 11790.2 4.22711
-13626.6 12049.6 4.22711
-13587.1 12563 -507.773
-13596.2 12937 -507.773
-13579.3 13437.1 -423.773
-13605.4 13612.7 -407.773
-13340.9 13685.7 -407.773
-13039.5 13822 -407.773
-12683.7 13932.3 -397.878
-12521.4 14517.6 -411.773
-12427.7 14690.5 -411.773
-12110.2 14640.9 -411.773
-11763.7 14681.7 -411.773
-11585.5 14816.4 -411.773
-11453 14925.2 -395.773
-10847.9 15595.8 -296.28
-11035.7 15593 -231.115
-10928 15456 -205.432
-10677 15477.2 -111.773
-10848 15392 -102.443
-10992 15392 -102.443
-11291.7 15597.6 -55.2679
-11163.7 15742.6 -26.9533
-10819 15851.8 82.0583
-10792 15595.8 96.6551
-9958.64 15083.8 38.2338
-9603.93 14835.6 4.22705
-8785.49 15019.8 -14.0062
-8351.85 14731.8 93.892
-8249.23 14631 136.227
-8214.32 13995.4 148.227
-8554.4 13604.7 132.227
-8866.53 13613.9 132.227
-9208.52 13618.1 132.227
-9472.78 13218.2 216.227
-9718.51 13163.8 220.481
-10182.7 13611.8 161.528
-10375.5 13625.5 164.227
-10716.4 13691 132.227
-11664.1 13558.7 -363.773
-11659.7 13613.1 -344.509
-11659.7 13652.7 -323.18
-12230.9 13460.2 -329.411
-12873.2 13375.8 -242.252
-12888.4 13526.8 -192.776
-13037 13353.2 -175.671
-13048.5 13204.2 -133.697
-12724.2 12945 -33.1923
-12721.9 12724.2 4.75021
-12973 12724.2 31.041
-13195.7 12811.3 56.8333
-13230.3 12867.8 104.564
-13723.4 12036.3 168.227
-13716.2 11786.3 164.731
-13707.7 11528.6 167.482
-13653.1 11220.2 157.166
-13177.5 11220.2 167.648
-12928.5 11220.2 151.916
-12661.6 11220.2 165.603
-12449.3 11435.8 168.873
-12321.8 11435.8 166.443
-12128.2 11675.8 194
-12395.7 11879.2 -226.122
-12228.6 12011.8 -204.089
-12203.7 12256 -191.971
-12203.7 12543.6 -185.835
-12020.4 12651.8 -157.547
-12379.7 12260.5 -32.1258
-12427.7 12279.4 31.3509
-12412 12651.8 103.962
-12204.2 12843.8 67.1337
-11876.2 12726 66.9059
-11689.8 12651.8 -31.9919
-11105 12500.2 -189.512
-10943.9 12586.9 -155.773
-10532.2 12321.1 -119.614
-10452.2 11711.7 -230.151
-10548 11754.2 -198.296
-10560 11632 -134.136
-10176 11232 -82.6158
-9760 11200 -82.6158
-9616 11216 15.6888
-9616 11248 47.6888
-9760 11216 73.3205
-10016 11232 73.3205
-10160 11232 137.32
-10233.2 11124.2 185.347
-10135.8 11339.8 208.15
-9898.53 11124.2 194.392
-9556.56 10836.2 36.6777
-9054.3 10242.2 36.227
-8790.87 10219.8 63.8761
-8584.76 10219.8 66.8085
-8763.69 10309.4 122.851
-8982.22 10316.2 131.482
-9265.67 10164.2 111.678
-9567.18 9908.15 170.888
-9396.23 10052.7 256.046
-9076.23 10025.5 269.128
-8756.23 10036 312.54
-8192.12 10164.2 200.202
-7604.23 10373.9 199.504
-7499.69 10610.5 221.951
-7467.69 10721.7 254.704
-7467.69 10977 285.267
-7610.81 10744.2 341.644
-7580.23 10481.6 348.288
-7380.23 10357.9 370.158
-7028.23 9994.39 453.416
-7115.67 10103.8 505.862
-6989.79 10283.8 548.159
-6920.2 10036.2 578.681
-7061.82 10103.8 634.681
-7123.01 10379.8 643.513
-6625.74 12228.2 -593.173
-6399.86 12228.2 -641.74
-5300.23 12221.8 -472.149
-3056 12440 -447.544
-2224 12200 -394
-2224 12232 -436.181
-1228.96 11380.2 -527.359
-1142.58 10404.2 -524.438
-1152.24 9476.15 -1067.55
-1716.23 8417.47 -1025.43
-1840 8144 -962.665
-1700.23 8164.53 -1025.07
-1706.15 8004.15 -900.84
-1428.23 7999.3 -923.364
-599.39 8448.15 -758.726
-423.871 8471.84 -697.535
-436.23 8252.32 -682.747
-667.69 8000.7 -757.554
-779.69 8005.06 -672.986
-884.23 6642.08 -1101.75
-2036.23 5506.97 -1228.9
-2101.54 5508.15 -1201.1
-2166.56 5508.15 -1183.03
-2032 5504 -1069.87
-1652.23 6065.86 -1100.63
-1803.69 6268.81 -1068.32
-2487.51 6235.84 -882.39
-3083.69 6563.87 -1705.72
-3518.7 6148.15 -1335.01
-4207.79 7332.15 -2499.83
-4233.39 7084.15 -2501.15
-4200.98 7211.84 -2384.75
-4587.69 7258.64 -2508.44
-4891.69 7250.48 -2505.16
-4989.01 7355.84 -2430.52
-5138.58 7296.15 -2366.49
-5451.69 7388.77 -2434.44
-5723.69 7398.84 -2415.79
-5622.32 7220.15 -2369.31
-5464.07 6884.15 -2422.25
-5787.69 6771.19 -2335.5
-5851.69 6557.85 -2345.73
-5718.33 6372.15 -2350.72
-5485.48 6180.15 -2360
-5380.23 6570.25 -2349.79
-5307.69 6587.25 -2291.42
-5563.69 6574.87 -2286.42
-5771.69 6568.68 -2202.28
-5899.69 6559.49 -2164.67
-5846.76 5684.15 -2189.35
-5484.21 5867.84 -2189.86
-5427.38 5931.84 -2149.43
-5236.23 5955.62 -2097.07
-4987.69 6103.63 -1959.5
-5056 5968 -1878.89
-4724.23 5980.68 -1979.18
-4481.99 5906.15 -1898.96
-4314.23 5860.31 -1861.93
-4487.62 6045.84 -1821.89
-4504.33 6331.84 -1895.3
-4459.69 6567.64 -1813.02
-4536 6584 -1748.34
-4272 6624 -1723.05
-4084.23 6609.79 -1716.35
-3481.21 7067.84 -1465.73
-3645.47 6340.15 -1499.78
-3493.5 4676.15 -2160.23
-3588.23 5055.25 -2248.26
-3593.56 4100.15 -2722.27
-4097.15 1642.6 -3083.77
-4097.7 1367.19 -3083.77
-4389.76 1042.08 -3067.77
-4663.72 1042.82 -3083.77
-5043.69 1070.82 -3083.31
-5248 1584 -3072
-5248 1536 -3072
-5253.76 1883.84 -3083.61
-5248 1744 -3083.61
-5975.69 2020.15 -3060.17
-6155.69 2031.42 -3013.92
-6132.64 2315.84 -3019.28
-6533.99 2372.15 -3069.11
-6827.69 2491.59 -3070.6
-7491.46 2379.84 -3061.4
-7694.8 2379.84 -3052.58
-6292.23 2482.7 -3021.68
-5684.23 2065.06 -3069.63
-5247.9 1244.15 -3039.84
-4171.69 1297.33 -2988.76
-2827.69 2451.38 -3063.43
-2388.23 2070.14 -3050.61
-2192 2016 -3002.25
-1920 2056 -3096
-1968 2128 -2974.7
-1684.23 2064.26 -3098.42
-1680 2144 -3016
-1372.23 2066.11 -3030.42
-1181.79 2494.99 -3099.77
-1195.3 2815.84 -3079.46
-1272.91 2491.84 -3003.1
-1187.57 2340.15 -3078.26
-1098.29 2564.15 -3001.13
-804.23 3022.45 -3098.71
-644.23 3023.33 -3059.49
-484.23 3023.85 -3015.61
-132.23 3025.82 -3017.37
-259.69 2936.35 -2945.59
-467.69 2936.81 -2911.28
-819.69 2937.67 -2970.15
99.6533 2574.15 -3047.69
92.3311 2843.84 -2982.27
96 2392 -3026.86
39.991 2174.15 -2986
101.843 2285.84 -2940.44
16 2512 -2916.59
-148.23 2006.81 -3051.89
-206.344 2235.84 -2972.92
-475.69 2270.75 -2981.76
-661.953 2132.15 -3024.78
-443.69 2021.66 -3026.79
-1611.69 2146.14 -3016.24
-2393.44 2149.87 -3115.77
-2177.44 2149.87 -3115.77
-4107.69 2738.83 -3053.01
-3984.05 2907.84 -3016.22
-3828.23 2779.83 -2958.09
-3700.23 2708.32 -2873.61
-4811.69 1483.03 -2813.82
-4276.23 1651.45 -2668.29
-4592.1 1755.84 -2624.07
-4750.19 2598.1 -2315.77
-3634.88 3035.84 -2336.16
-3776 -752 -2299.04
-3776 -704 -2299.04
-3776 -608 -2299.04
-3776 -656 -2299.04
-3776 -512 -2299.04
-3776 -560 -2299.04
-3573.84 -1311.79 -2267.77
-3332.33 -1328.17 -2267.77
-3153.62 -1899.85 -2446.48
-3159.68 -2278.51 -2459.77
-3244.81 -2298.95 -2304.47
-3076.23 -2480.29 -2285.12
-3504 -2608 -2259.77
-4086.5 -2611.58 -2483.77
-4492.55 -2205.82 -2483.77
-4496.99 -1959.71 -2467.77
-4496.31 -1592.83 -3035.77
-4228.23 -1260.15 -2993.21
-3956.37 -1261.68 -3003.77
-3351.04 -1264.71 -3547.77
-3116.23 -1178.59 -3511.91
-2342.46 -1262.22 -3483.77
-1979.69 -653.941 -3433.52
-2042.22 -420.162 -3402.02
-1934.23 -307.32 -3319.48
-2094.56 -363.85 -3244.32
-2185.22 -228.162 -3180.33
-1934.23 -103.132 -3087.54
-1858.96 -36.1616 -3032.37
-1934.23 82.0947 -2918.05
-1935.39 155.838 -2854.72
-2384 656 -2814.94
-2624 656 -2814.94
-2976 288 -2819.77
-2992 64 -2819.77
-704 -624 -3039.77
-752 -624 -3007.77
-800 -624 -2975.77
203.208 -1986.96 -3851.77
459.769 -2204.59 -3707.57
459.769 -2247.26 -3679.12
459.769 -2291.03 -3649.06
1123.77 -2545.62 -3798.74
1026.47 -2572.16 -3729.92
1186.41 -2572.16 -3669.34
1291.77 -2584.22 -3636.99
1808.39 -2515.85 -3800.21
1641.47 -2572.16 -3743.51
1782.17 -2508.16 -3680.87
1931.77 -2545.48 -3643.82
2436.23 -2532.16 -3788.97
2356.31 -2586.19 -3736.03
2384 -2480 -3672.5
2571.77 -2530.85 -3646.61
3032.29 -2596.16 -3799.38
3012.31 -2518.48 -3754.29
3211.77 -2563.72 -3648.07
3674.8 -2539.85 -3806.04
3630.5 -2596.16 -3761.28
3888 -2544 -3800.69
4395.77 -2105.11 -3827.99
4879.26 -1770.16 -3819.77
5226.04 -1266.76 -3819.77
5564.92 -1824.05 -3819.77
5743.78 -3219.85 -3832.43
5792 -3488 -3784.27
5647.16 -4766.44 -3819.77
5593.26 -4858.46 -3819.77
5530.8 -4921.3 -3819.77
5420.26 -5060.46 -3819.77
5307.16 -5182.36 -3819.77
5182.48 -5310.22 -3819.77
5051.07 -5460.35 -3819.77
4931.77 -5576.7 -3819.77
4796.92 -5665.16 -3819.77
4641.86 -5760.75 -3819.77
4501.36 -5839.32 -3819.77
4387.6 -5903.81 -3819.77
4272.02 -5973.41 -3819.77
4067.63 -6085.77 -3819.77
3909.25 -6184.15 -3819.77
3707.32 -6262.74 -3819.77
3515.25 -6326.91 -3819.77
3308.32 -6410.73 -3819.77
3093.23 -6499.16 -3819.77
2903.69 -6594.52 -3819.77
2735.62 -6743.16 -3819.77
2616.32 -6851.65 -3819.77
2455.76 -6955.21 -3819.77
2289.78 -7050.15 -3819.77
2104.49 -7091.14 -3819.77
1863.96 -7173.16 -3819.77
1676.56 -7228.38 -3819.77
1498.6 -7266.37 -3819.77
1316.17 -7276.01 -3819.77
1135.75 -7302.49 -3819.77
989.947 -7283.05 -3819.77
511.712 -7575.11 -3819.77
21.6787 -7501.37 -3739.77
-443.99 -7619.52 -3755.77
-931.734 -7490.39 -3803.77
-2496 -7792 -3771.77
-2842.14 -7480.95 -3786.76
-2930.18 -7745.2 -3794.02
-3323.69 -7645.49 -3776.98
-3545.65 -7715.57 -3787.77
-3858.98 -7561.71 -3787.77
-4171.16 -7529.13 -3771.77
-4789.1 -7036.87 -3819.77
-5390.46 -6622.38 -3819.77
-4761.69 -5917.2 -3819.77
-4148.15 -5384.36 -3819.77
-4080 -5088 -3775.94
-4080 -4720 -3753.77
-3922.6 -4043.85 -3706.44
-3748.23 -3760.76 -3697.51
-3851.69 -1994.83 -3837.9
-3852.23 -1933.57 -3797.01
-3803.69 -1861.9 -3723.16
-4107.69 -1603.72 -3645.11
-4035.77 -1775.51 -3601.76
-4054.29 -1705.66 -3514.13
-4139.69 -1821.8 -3453.82
-4032.23 -1726.36 -3385.56
-4144 -1616 -3344
-4031.77 -1547.85 -3301.16
-3851.69 -1574.4 -3252.73
-3774.52 -1547.85 -3201.49
-3796.23 -1638.07 -3159.63
-3975.13 -1575.36 -3156.27
-4212.23 -1652.39 -3080.05
-4025.66 -1689.14 -2903.77
-4112 -1712 -2864
-3998.57 -1829.13 -2830.42
-3770.62 -1986.35 -2821.72
-3600 -2160 -3003.77
-3652.23 -2125.15 -3617.14
-3524.23 -2149.08 -3523.06
-3515.93 -2036.16 -3458.93
-3536 -2192 -3424
-3504 -2256 -3376.87
-3490.3 -2268.44 -3344.87
-3344 -2432 -3258.74
-3435.69 -2103.46 -3316.9
-3464.75 -2129.08 -3227.09
-3595.69 -2544.64 -3255.19
-3879.52 -2386.47 -3199.81
-3796.23 -2301.87 -3146.89
-3566.26 -2324.16 -3091.36
-3419.69 -2217.59 -3079.97
-3466.4 -2208.22 -3017.09
-3284.23 -2264.46 -2979.32
-3881.25 -2395.98 -2955.77
-4027.14 -2251.85 -3606.58
-4000 -2160 -3556.29
-4000 -2096 -3535.45
-4084.23 -2173.04 -3449.82
-4140.53 -2068.16 -3207.26
-3968 -2064 -3171.87
-3940.23 -2144.66 -3053.95
-4013.54 -2036.16 -2924.79
-4000 -2176 -2895.13
-3828.23 -2284.39 -2844.81
-3723.69 -2174.37 -2592.58
-3571.8 -2267.85 -2591.15
-3435.69 -2106.97 -2577.46
-3780.24 -1971.67 -2635.77
-4004.23 -2083.39 -2529.62
-3775.33 -1908.16 -2474.72
-3533.54 -1908.16 -2473.47
-3627.39 -1673.88 -2251.77
-3653.62 -1771.61 -2203.77
-3733.06 -1752.16 -2166.91
-3640.23 -1640.11 -2092.92
-3636.23 -1741.8 -2012.02
-3459.92 -2110.27 -1859.82
-3572.99 -1963.85 -1842.67
-3665.66 -2221.47 -1967.77
-3563.1 -2220.16 -2238.83
-3675.69 -2175.05 -2234
-3723.69 -2231.68 -2173.63
-3658.63 -2105.12 -2121.56
-3687.39 -2147.43 -1807.77
-3535.24 -2217.89 -1779.31
-3627.69 -2083.42 -1744.32
-3586.12 -2443.85 -1691.53
-3163.65 -2600.16 -1595.77
-2815.09 -2797.26 -1515.77
-2851.69 -2882.39 -1429.71
-2650.43 -3083.85 -1270.43
-2828.13 -3115.85 -1206.4
-1731.54 -2888.01 1956.23
-1159.14 -2881.34 1956.23
-856.255 -2873.9 1956.23
-579.902 -3223.86 1956.23
-578.169 -3491.65 1956.23
-919.05 -3779.7 1956.23
-1049.71 -3993.31 1956.23
-777.388 -4283.5 1956.23
-630.839 -4494.54 1956.23
-600.536 -5075.46 1956.23
-625.365 -5421.9 1956.23
-620.145 -5726.02 1956.23
-366.767 -6016.02 1956.23
-71.3777 -6026.28 1956.23
288.589 -6031.66 1956.23
682.607 -5256.24 2056.23
580.843 -4690.43 2136.23
145.158 -5221.05 2232.23
-621.432 -4996.16 2229.93
-994.778 -5931.85 2234.29
-971.507 -5592.89 2216.23
-812.885 -6396.77 2344.23
-529.766 -7299.1 1964.23
-531.245 -7723.85 1967.02
203.769 -8123.36 2063.3
879.043 -8142.39 2112.23
1595.77 -8135.03 2084.56
1675.77 -8135.03 2084.56
3344.78 -8144.48 2080.23
3435.84 -8152.44 2096.23
4391.77 -5574.55 2283.28
4633.53 -5642.17 2368.23
6635.77 -5625.49 2262.1
6587.77 -5625.49 2262.1
6539.77 -5625.49 2262.1
6491.77 -5625.49 2262.1
4372.31 -4605.52 2246.37
4420.31 -4605.52 2246.37
4468.31 -4605.52 2246.37
4516.31 -4605.52 2246.37
4564.31 -4605.52 2246.37
3968 -4208 2288
3732.31 -2463.77 1712.99
3883.77 -2551.72 1744.44
3975.95 -2475.85 1747.77
4171.77 -2438.94 1785.5
4100.31 -2247.76 1742.84
3809.98 -2132.16 1890.23
3964.47 -660.162 -463.248
-8994.11 14955.8 -59.161
-7388.23 11174.8 602.584
-4544 12356.1 -720
-4544 12304 -704
-4544 12256 -672
-4544 12224 -640
-4544 12192 -608
-4544 12160 -576
-4544 12128 -544
-4544 12096 -512
-4544 12064 -480
-4011.87 12480 -727.789
-3963.87 12480 -695.789
-3931.87 12480 -663.789
-3899.87 12480 -631.789
-3867.87 12480 -599.789
-3835.87 12480 -567.789
-3803.87 12480 -535.789
-3771.87 12480 -503.789
-3764.15 12424.2 -460.221
-3136 12496 -460.269
-789.523 10708.2 -655.747
-934.455 10516.2 -610.728
-1291.69 10484.1 -601.444
-1472 10624 -579.469
-1428.23 10852.6 -537.608
-1234.47 10939.8 -509.63
-1146.38 9780.15 -1144.53
-1147.24 8260.15 -674.969
-1147.24 8308.15 -674.969
-1147.24 8356.15 -674.969
-1076.23 7931.97 -443.276
-1091.86 7940.15 -472.552
-3435.69 -1747.57 -2311.54
-3403.69 -1747.57 -2343.54
-3371.69 -1747.57 -2375.54
-3339.69 -1747.57 -2407.54
-3307.69 -1747.57 -2439.54
-3307.69 -1699.57 -2471.54
-3307.69 -1667.57 -2487.54
3968.81 2603.84 -1607.31
3968.81 2539.84 -1607.31
3968.81 2475.84 -1607.31
3968.81 2411.84 -1607.31
3968.81 2347.84 -1607.31
3968.81 2283.84 -1607.31
3968.81 2219.84 -1607.31
3968.81 2155.84 -1607.31
3968.81 2091.84 -1607.31
3968.81 2027.84 -1607.31
3968.81 1963.84 -1607.31
3968.81 1899.84 -1607.31
3922.87 3483.96 -1483.77
3963.99 4916.15 -1400.32
3978.79 5291.84 -1259.3
3875.47 4908.15 -1160.75
4045.17 5553.84 -990.462
4045.17 5601.84 -990.462
4458.5 6553.05 -747.773
5099.77 6789.86 -655.738
5987.51 6845.09 -683.773
6131.51 6845.09 -683.773
6907.77 6841.41 -680.469
6859.77 6841.41 -680.469
6811.77 6841.41 -680.469
8043.77 6869.43 -505.376
9003.77 5775.43 -128.857
8955.77 5775.43 -128.857
8907.77 5775.43 -128.857
9370.1 6507.84 -52.3806
9659.77 6757.11 103.188
9611.77 6757.11 103.188
7460.31 7338.21 -138.956
7508.31 7338.21 -138.956
7556.31 7338.21 -138.956
7604.31 7338.21 -138.956
8571.77 6592.66 -328.604
8571.77 6544.66 -328.604
8571.77 6496.66 -328.604
8571.77 6448.66 -328.604
7188.87 6660.15 -119.033
10540.9 6372.15 116.42
10567.8 6979.23 67.1422
10560 5504 84.2271
10578 4215.84 -38.1752
10557.2 4052.15 79.098
10575.5 3524.15 83.4939
10578.2 2868.15 -86.2395
10578.2 2916.15 -86.2395
10736 2272 70.8484
10816 2576 220.966
10432 2304 317.233
10376.5 2068.15 477.88
10366.3 1851.22 604.423
10736 1808 726.538
10867 1684.15 862.926
10480 1120 435.047
10624 1168 553.842
10647.3 1451.84 664.234
10576 928 1127.54
10576 976 1127.54
10576 1024 1127.54
10576 1072 1127.54
10576 2704 1185.23
10576 2656 1185.23
10576 2608 1185.23
10576 2560 1185.23
10576 2512 1185.23
10576 2464 1185.23
10500.3 3318.26 2431.88
10537.8 3307.84 2397.43
10571.1 3307.84 2372.68
10614 3307.84 2334.9
10655 3307.84 2297.62
10571.5 4139.84 2366.5
10084.3 4393.23 2376.79
9076.31 4397.28 2316.87
7764.31 4385.54 2236.26
7812.31 4385.54 2236.26
7860.31 4385.54 2236.26
7908.31 4385.54 2236.26
7956.31 4385.54 2236.26
8004.31 4385.54 2236.26
8052.31 4385.54 2236.26
8100.31 4385.54 2236.26
6580.31 4341.87 2466.55
3440.31 4400.43 1220.23
3488.31 4400.43 1220.23
3536.31 4400.43 1220.23
3584.31 4400.43 1220.23
3632.31 4400.43 1220.23
4769.66 4385.59 1220.23
2756.31 4392.33 1380.59
2804.31 4392.33 1380.59
2852.31 4392.33 1380.59
1212.31 4396.1 132.363
-859.692 4354.54 284.859
-1855.28 4500.15 240.835
-1963.71 3892.15 289.231
-736 3264 -736
-784 3264 -736
-832 3264 -736
-880 3264 -736
-928 3264 -736
-976 3264 -736
-1024 3264 -736
-271.418 1874.79 -939.773
-271.418 1922.79 -939.773
-271.418 1970.79 -939.773
-271.418 2018.79 -939.773
960 1280 -939.773
1456 1280 -944
1408 1280 -944
1360 1280 -944
1312 1280 -944
2617.21 2339.84 -819.896
2827.77 3325.28 -673.488
5667.77 2869.72 -634.586
5597.21 2684.15 -556.953
5709.78 2843.84 -464.213
5788.58 2420.15 -432.924
6639.8 1892.15 -239.623
6720 -1328 -232.241
6720 -2640 -632.819
6720 -2592 -632.819
5761.26 -2875.85 -486.005
5186.31 -2779.28 -494.101
4564.31 -2906.02 -468.488
3917.95 -1176.16 -497.304
3965.83 155.838 3230.11
3939.77 403.021 3362.39
3964.31 382.981 3492.45
3951.96 651.838 3517.36
3832.31 1477.12 3613.41
3540.31 1900.57 3763.75
3859.77 3228.73 3887.9
3930.71 3048.15 3939.58
4020.43 3199.84 3983.41
4006.32 3483.84 3959.83
4664.31 2180.73 3946.59
4811.77 2103.79 4005.53
4616.31 2252.24 4053.33
3332.31 2254.58 4093.31
3364.31 2254.58 4077.31
3396.31 2254.58 4061.31
-1451.69 708.523 3720.62
-1403.69 708.523 3720.62
-1355.69 708.523 3720.62
-1307.69 708.523 3720.62
-1259.69 708.523 3720.62
-1211.69 708.523 3720.62
-1163.69 708.523 3720.62
-2592 768 3795.02
-2944 752 3795.02
-3312 736 3795.02
-3646.08 1402.79 3880.23
-3568 1792 3880.23
-4383.04 2198.46 3960.23
-4774.08 2215.17 3960.23
-4347.14 2190.88 4728.23
-3998.94 2176.93 4728.23
-3666.98 1476.34 4808.23
-3770.51 1063.37 4808.23
-2948.08 619.92 4888.23
-2553.65 581.32 4888.23
-2218.42 626.81 4888.23
-2563.73 797.67 5656.23
-3017.74 827.883 5656.23
-3270.97 808.574 5656.23
-3635.1 1405 5736.23
-3534.97 1790.65 5736.23
-4430.62 2193.74 5816.23
-4736.96 2247.73 5816.23
-6087.69 2172.93 4294.31
-7090.26 2205.99 4360.23
-7519.03 2162.7 4360.23
-8094.08 3546.12 4392.49
-8094.08 3373.53 4451.13
-8209.88 3511.23 4502.01
-8128 3728 4536.03
-7700.23 4374.77 4598.11
-7261.44 3897.33 4612.23
-8123.69 3555.53 3903.37
-9047.85 3979.84 4923.44
-8763.69 4593.99 4788.12
-8715.69 4593.99 4788.12
-8667.69 4593.99 4788.12
-8975.26 5417.33 4891.73
-8992 5136 4947.03
-7819.57 3828.15 4980.19
-7819.57 3876.15 4964.19
-7288.48 3598.56 5082.66
-7241.98 3883.84 5064.27
-7231.53 4283.84 5145.97
-7189.44 4755.45 5224.61
-7313.18 5035.84 5263.44
-8651.69 4414.33 5297.39
-8603.69 4414.33 5281.39
-8571.69 4414.33 5265.39
-8939.44 4190.76 5418.11
-9024 4064 5456.39
-9031.81 3860.15 5512
-9085.06 3584.4 5604.61
-8836.23 3550.78 5662.36
-8043.72 5067.84 5744.39
-8043.72 5019.84 5728.39
-8043.72 4971.84 5696.39
-8270.71 5388.08 5828.47
-8162.07 5295.57 5852.27
-3008 12360 -431.544
-3000 12264 -415.544
-2224 12152 -354
-1229.39 11420.3 -559.359
-1229.39 11452.3 -591.359
-1229.39 11484.3 -623.359
-1229.39 11516.3 -655.359
-1229.39 11556.5 -689.141
-1229.39 11594.6 -726.611
-1243.69 10484.1 -601.444
-1430.55 10580.4 -579.469
-1473.19 10852.6 -537.608
-891.818 10558.1 -610.728
-789.523 10755.5 -655.747
-945.202 10863.8 -711.773
-1104 9776 -1112.53
-1104 9728 -1096.53
-1152.24 9524.15 -1067.55
-1152.24 9572.15 -1067.55
-1123.86 7940.15 -504.552
-1155.86 7940.15 -552.552
-932.23 6642.08 -1069.75
-2439.51 6235.84 -914.39
-3083.69 6611.87 -1737.72
-3472 6160 -1376
-3440 6160 -1424
-3525.5 4676.15 -2192.23
-3557.5 4676.15 -2224.23
-3589.5 4676.15 -2256.23
-3593.56 4148.15 -2722.27
-3593.56 4196.15 -2722.27
-3593.56 4244.15 -2722.27
-3593.56 4292.15 -2722.27
-3593.56 4340.15 -2722.27
-3593.56 4388.15 -2722.27
-3641.56 4388.15 -2722.27
-3545.56 4388.15 -2722.27
-3545.56 4436.15 -2722.27
-3593.56 4436.15 -2722.27
-3641.56 4436.15 -2722.27
-3641.56 4340.15 -2722.27
-3545.56 4340.15 -2722.27
-7220.23 2515.47 -3042.67
-6588.23 2512.24 -3080.63
-6171.69 2079.42 -3013.92
-5732.23 2065.06 -3069.63
-5247.9 1292.15 -3039.84
-180.23 3025.82 -3017.37
-228.23 3025.82 -3017.37
135.991 2174.15 -2986
135.991 2222.15 -2986
39.991 2222.15 -2986
-196.23 2006.81 -3051.89
-244.23 2006.81 -3051.89
92.3311 2795.84 -2982.27
-771.69 2937.67 -2970.15
-723.69 2937.67 -2970.15
-1181.79 2574.99 -3099.77
-2537.44 2133.87 -3115.77
-3159.68 -2230.51 -2459.77
-3159.68 -2182.51 -2459.77
-3159.68 -2134.51 -2459.77
-3201.62 -1899.85 -2446.48
-3105.62 -1899.85 -2446.48
-4087.5 -2611.58 -2483.77
-3943.5 -2611.58 -2483.77
-3815.5 -2611.58 -2483.77
-704 -672 -3087.77
-704 -704 -3135.77
-704 -752 -3183.77
-752 -752 -3215.77
-800 -752 -3247.77
-832 -752 -3279.77
-832 -704 -3311.77
-832 -656 -3327.77
-832 -608 -3359.77
-784 -624 -3391.77
-784 -672 -3423.77
-3680 -2224 -2807.53
3280 -8144 2080.23
3184 -8144 2080.23
3840 -7856 2144.23
3840 -7824 2144.23
3776 -6800 2177.83
3776 -6752 2193.83
3776 -6704 2209.83
3776 -6656 2225.83
3776 -6608 2241.83
3824 -6608 2257.83
2858.27 -6676.16 2216.94
2858.27 -6804.16 2216.94
2858.27 -6932.16 2216.94
2858.27 -7060.16 2216.94
2858.27 -7188.16 2216.94
2666.27 -7188.16 2216.94
2666.27 -7060.16 2216.94
2666.27 -6932.16 2216.94
2666.27 -6804.16 2216.94
2666.27 -6676.16 2216.94
2666.27 -6548.16 2216.94
2666.27 -6420.16 2216.94
2666.27 -6292.16 2216.94
2666.27 -6164.16 2216.94
2666.27 -6036.16 2216.94
3808 -5408 2172.23
3840 -5408 2208
3872 -5408 2240
5184 -5632 2432.23
5232 -5632 2432.23
6900.31 -5161.04 2288.53
6900.31 -5033.04 2288.53
6900.31 -4905.04 2288.53
6900.31 -4777.04 2288.53
6772.31 -4777.04 2288.53
6644.31 -4777.04 2288.53
6516.31 -4777.04 2288.53
6388.31 -4777.04 2288.53
6260.31 -4777.04 2288.53
6132.31 -4777.04 2288.53
6004.31 -4777.04 2288.53
5876.31 -4777.04 2288.53
4612.31 -4605.52 2246.37
4660.31 -4605.52 2246.37
4708.31 -4605.52 2246.37
4756.31 -4605.52 2246.37
4832 -3264 2235.92
4784 -3264 2235.92
4448 -3264 2235.92
4496 -3264 2235.92
4544 -3264 2235.92
4592 -3264 2235.92
4640 -3264 2235.92
4688 -3264 2235.92
4736 -3264 2235.92
4928 -3264 2235.92
4880 -3264 2235.92
5024 -3264 2235.92
4976 -3264 2235.92
5072 -3264 2251.92
5120 -3264 2267.92
5120 -3216 2267.92
5120 -3168 2283.92
5120 -3120 2299.92
5120 -3072 2315.92
5120 -3024 2315.92
5072 -3024 2315.92
5024 -3024 2315.92
4976 -3024 2315.92
4928 -3024 2315.92
4880 -3024 2315.92
4832 -3024 2315.92
4784 -3024 2315.92
4736 -3024 2315.92
4688 -3024 2315.92
4640 -3024 2315.92
4592 -3024 2315.92
4544 -3024 2331.92
4496 -3024 2347.92
4448 -3024 2363.92
4400 -3264 2235.92
3841.98 -2132.16 1858.23
3889.98 -2132.16 1826.23
3937.98 -2132.16 1794.23
3840 4944 -1021.85
8336 6592 -459.773
8336 6544 -459.773
8448 7360 -215.773
6960 5696 -155.773
6960 5744 -155.773
7008 5744 -155.773
7008 5696 -155.773
7904 5728 -155.773
7904 5680 -155.773
7952 5680 -155.773
7952 5728 -155.773
8763.77 5775.43 -128.857
8811.77 5775.43 -128.857
8859.77 5775.43 -128.857
316.308 4396.1 132.363
-203.692 4381.64 128.592
7286.99 2302.22 -279.773
6992.63 2627.17 -247.773
6719.72 918.848 -267.773
6720 -64 -379.773
3971.77 323.021 3378.39
4233.77 -555.85 3415.35
4080 1440 3621.59
4144 1504 3589.59
4395.77 2558.96 3845.43
-388.668 866.592 3928.23
-452.668 866.592 3928.23
-516.668 866.592 3928.23
-580.668 866.592 3928.23
-644.668 866.592 3928.23
-708.668 866.592 3928.23
-772.668 866.592 3928.23
-836.668 834.592 3928.23
-900.668 802.592 3928.23
-964.668 770.592 3928.23
-8160 3808 4580.48